0   hkf  2 0.001 0.1
1   hkr  2 0.0 0.1
2   pfk  2 0.00095 0.1
3   fbase  2 0.0001 0.1
4   aldf  2 0.0009 0.1
5   aldr  3 0.00005 0.1 0.1
6   t3pep  2 0.0017 0.1
7   pept3  2 0.0002 0.1
8   pk  2 0.0013 0.1
9   pyrlac  2 0.0012 0.1
10   lacpyr  2 0.00025 0.1
11   citdr  2 0.00001 0.1
12   citdf  2 0.00001 0.1
13   csyn  3 0.0001 0.1 0.1
14   akgcit  3 0.00001 0.1 0.1
15   citakg  2 0.00005 0.1
16   akgdr  2 0.00001 0.1
17   akgdf  2 0.00001 0.1
18   citoxc  2 0.00001 0.1
19   liase  2 0.00001 0.1
20   ppp  2 0.00001 0.1
21   pdh  2 0.0001 0.1
22   pc  3 0.00001 0.1 0.1
23   malic  2 0.00001 0.1
24   malicc  2 0.00001 0.1
25   pyrdf  2 0.0001 0.1
26   pyrdr  2 0.00001 0.1
27   maloa  2 0.000017 0.1
28   oamal  2 0.000002 0.1
29   oadr  2 0.00001 0.1
30   oadf  2 0.00001 0.1
31   akgfum  2 0.0001 0.1
32   glnin  2 0.0002 0.1
33   glnout  2 0.00001 0.1
34   gluin  2 0.00001 0.1
35   gluout  2 0.00001 0.1
36   tkp5k 2 0.00001 0.1
37   tkh6k 2 0.00001 0.1
38   tks7k 2 0.00001 0.1
39   tkt3a 3 0.00001 0.1 0.1
40   tke4a 3 0.00001 0.1 0.1
41   tkp5a 3 0.00001 0.1 0.1
42   tas7k 2 0.00001 0.1
43   tah6k 2 0.00001 0.1
44   tae4a 3 0.00001 0.1 0.1
45   tat3a 3 0.00001 0.1 0.1
0 1 2 3 4 5 6 7 8 9 -1 10 11 12 13 14 15 99
Eglc 10.0
h6p 1.0
fbp 1.0
t3p 1.0
pep 1.0
pyrc 1.0
Elac 1.0
citc 1.0
cit 1.0
oa 1.0
accoa 1.0
akgc 1.0
co2 1.0
akg 1.0
oac 1.0
p5 1.0
pyr 1.0
fumal 1.0
Egln 5.0
Eglu 1.0
gae 1.0
e4p 1.0
s7p 1.0
dhe 1.0
**label**
Eglc 01 0.37

