Eglc 12 345 012 0 01 2 12 1 45 3 5 34 4
h6p 12 345 012 0 01 2 12 1 45 3 5 34 4
fbp 12 012 345 0 01 2 12 45 3 1 5 34 4
t3p 6 012 12 0 2 01 1
pep 6 012 12 0 1 2 01
pyrc 5 012 12 0 1 2
Elac 5 012 12 0 1 2
citc 12 012 01245 45 3 123 124 5 4 12 0 1 2
cit 12 01245 012 3 124 5 45 123 4 12 0 1 2
oa 7 012 123 3 12 0 1 2
accoa 3 01 0 1
akgc 10 01234 012 123 4 34 12 3 0 1 2
co2 1 0
akg 10 01234 012 123 4 3 12 0 34 1 2
oac 7 012 123 3 12 0 1 2
p5 9 234 01 1 0 34 2 4 23 3
pyr 5 012 12 0 1 2
fumal 7 012 123 3 12 0 1 2
Egln 10 01234 012 123 4 3 12 0 34 1 2
Eglu 10 01234 012 123 4 3 12 0 34 1 2
gae 3 01 0 1
e4p 7 123 0 23 1 3 12 2
s7p 14 456 01 3 012 23 0 1 2 12 56 4 6 45 5
dhe 6 012 0 01 2 12 1
